Filepath: sphere.material
Extension: .material
ID: 14175551857458946511
Shader: 17048867044831516029
Properties:
  u_Color: [1, 1, 1]
  u_MetallicMul: 0.200000003
  u_EmissionColor: [0, 0, 0]
  u_RoughnessMul: 0.699999988
  u_UVTransform: [0, 0, 0, 0]