Filepath: sphere.material
Extension: .material
ID: 14917790205430151502
Shader: 17048867044831516029
Properties:
  u_Color: [1, 1, 1]
  u_MetallicMul: 0.600000024
  u_EmissionColor: [0, 0, 0]
  u_RoughnessMul: 0.200000003
  u_UVTransform: [0, 0, 0, 0]