Filepath: sphere.material
Extension: .material
ID: 13715264051421597415
Shader: 17048867044831516029
Properties:
  u_Color: [1, 1, 1]
  u_MetallicMul: 0.899999976
  u_EmissionColor: [0, 0, 0]
  u_RoughnessMul: 0.699999988
  u_UVTransform: [0, 0, 0, 0]