Filepath: sphere.material
Extension: .material
ID: 14284057488759498394
Shader: 17048867044831516029
Properties:
  u_Color: [1, 1, 1]
  u_MetallicMul: 0.800000012
  u_EmissionColor: [0, 0, 0]
  u_RoughnessMul: 0.899999976
  u_UVTransform: [0, 0, 0, 0]