Filepath: sphere.material
Extension: .material
ID: 11310097863130582231
Shader: 17048867044831516029
Properties:
  u_Color: [1, 1, 1]
  u_MetallicMul: 0.300000012
  u_EmissionColor: [0, 0, 0]
  u_RoughnessMul: 0.100000001
  u_UVTransform: [0, 0, 0, 0]