Filepath: sphere.material
Extension: .material
ID: 16729448339167650964
Shader: 17048867044831516029
Properties:
  u_Color: [1, 1, 1]
  u_MetallicMul: 0.200000003
  u_EmissionColor: [0, 0, 0]
  u_RoughnessMul: 0.100000001
  u_UVTransform: [0, 0, 0, 0]