Filepath: assets/shaders/default/LitTriplanarStochasticBump.material
Extension: .material
ID: 660037763508674260
Shader: 13750326872447612574
Properties:
  Uniforms.UVTransform: [0.400000006, 0.400000006, 0, 0]
  Uniforms.Color: [1, 1, 1]
  u_Albedo: 7949174308391436228
  u_Occlussion: 8361894711875152675
  u_Roughness: 10341743577412507490
  u_Bump: 13572513555684069288
  Uniforms.MetallicMul: 0
  Uniforms.EmissionColor: [0, 0, 0]
  Uniforms.RoughnessMul: 1